0.3597217
0.3707973
0.3107053
0.3434793
0.3394415
0.3412749
0.3588225
0.3707534
0.3651279
0.3447043
0.3800588
0.3164206
0.3557845
0.3611922
0.3787789
0.3853827
0.3884498
0.3849779
0.3904545
0.3650857
0.3508235
0.3995613
0.3314925
0.3333997
0.388097
0.3414021
0.3611049
0.3784754
0.353672
0.3927341
0.3951838
0.3955303
0.4044785
0.3508868
0.3614724
0.3987272
0.366637
0.4148749
0.3443536
0.3111561
0.3467695
0.3376827
0.3711107
0.3292303
0.3760359
0.3558962
0.3129453
0.350919
0.3739649
0.3474704
0.3717996
0.3697568
0.3395097
0.3392991
0.4034611
0.3726246
0.3709363
0.390566
0.4523959
0.3803293
0.3893538
0.3866447
0.3426077
0.4200309
0.3794054
0.4270173
0.3958424
0.3620832
0.3365193
0.3560136
0.3566185
0.3761222
0.371923
0.4178494
0.3982384
0.4163787
0.3659938
0.3847697
0.4022015
0.3884801
0.4278313
0.3539497
0.3679041
0.4072982
0.3920516
0.4196346
0.3789355
0.3827045
0.3825296
0.4224927
0.4019499
0.3785154
0.3327594
0.4067169
0.4129692
0.3896881
0.331338
0.33062
0.3485782
0.3968033
0.3856962
0.343937
0.3330087
0.3239663
0.3718456
0.3533833
0.3814261
0.4065089
0.3843115
0.3564651
0.3585436
0.3757474
0.3532271
0.3344999
0.3850984
0.4040426
0.3887749
0.3853279
0.4495269
0.348465
0.3479438
0.4088703
0.393729
0.3750151
0.4040999
0.3839211
0.3960769
0.3973476
0.3559623
0.3625731
0.3246842
0.3629034
0.3293164
0.3406519
0.345077
0.3312209
0.3533308
0.3830108
0.3475402
0.3225743
0.354928
0.4038945
0.3792276
0.3750266
0.357575
0.3365842
0.3170361
0.3116088
0.3259165
0.3262245
0.3940412
0.3716368
0.33245
0.3129118
0.4149585
0.4013932
0.331737
0.3764603
0.3902631
0.376465
0.4431938
0.398724
0.3900704
0.3256938
0.3588889
0.384255
0.3454433
0.3830843
0.3582288
0.4017512
0.3661877
0.3731829
0.3862739
0.3756613
0.4236699
0.3919122
0.4124642
0.4126514
0.3717243
0.3904224
0.399193
0.3442699
0.3886774
0.3291976
0.3944583
0.3482592
0.3738236
0.4099284
0.4015494
0.4532094
0.3820112
0.3801146
0.3724265
0.3959173
0.36251
0.3796187
0.3652211
0.3224805
0.384352
0.3628806
0.3382385
0.404577
0.3274446
0.3485853
0.3283691
0.317016
0.3458339
0.3895379
0.3870163
0.4004414
0.3580115
0.3828244
0.3465633
0.3310472
0.344809
0.3845281
0.274808
0.3452254
0.3420112
0.3806982
0.3604306
0.3556031
0.3689495
0.3448258
0.3904701
0.3934169
0.3762155
0.4035505
0.3504392
0.4351434
0.3557423
0.37669
0.3290184
0.3621385
0.389181
0.425248
0.3748848
0.4082546
0.3335675
0.3593591
0.3336204
0.3219794
0.3381501
0.3363989
0.3141986
0.3349411
0.370214
0.3919214
0.3450251
0.3619273
0.3866686
0.4298265
0.385844
0.4158562
0.3870518
0.3489237
0.3939358
0.3755219
0.3315189
0.3762271
0.362787
0.4250243
0.3492282
0.3973656
0.3770734
0.3450972
0.2950717
0.3617596
0.2978884
0.331451
0.3690213
0.3195743
0.3322644
0.3371307
0.3452367
0.4042552
0.4210156
0.3864261
0.3948312
0.3574217
0.383671
0.3072357
0.3259249
0.3236727
0.3210365
0.2488848
0.3444802
0.3412639
0.330645
0.4173539
0.3782322
0.3320578
0.3350109
0.3285312
0.2958961
0.4146203
0.360791
0.3901707
0.3146898
0.3568116
0.3529975
0.4148103
0.3220865
0.35035
0.3817393
0.4029298
0.3681454
0.3534897
0.3856777
0.352946
0.3977267
0.3805761
0.4370583
0.4361295
0.4407037
0.3642167
0.3802332
0.3824391
0.3364409
0.3886782
0.3522486
0.4145913
0.3380742
0.3161042
0.3863973
0.3297404
0.3991269
0.4025484
0.3436045
0.4235646
0.4057586
0.3561616
0.3615979
0.3688589
0.3729656
0.430802
0.3420553
0.383793
0.4248815
0.3354651
0.4022454
0.4057952
0.3750119
0.4329412
0.365351
0.3775152
0.3947593
0.397886
0.4106691
0.3463923
0.3062173
0.3533727
0.3484969
0.3576824
0.3805977
0.4046563
0.4005572
0.3546527
0.3809665
0.3592529
0.3503015
0.3715066
0.3792019
0.3620974
0.3868641
0.3550692
0.3390027
0.3646527
0.3898057
0.3768297
0.358813
0.3457243
0.3165303
0.4126836
0.343233
0.4058483
0.3669606
0.3674044
0.3140566
0.3972204
0.3988694
0.3587801
0.4024767
0.4010151
0.3975046
0.4302137
0.4252022
0.3984565
0.3585437
0.3843248
0.3819473
0.3762481
0.397443
0.3338901
0.3632953
0.3647736
0.3816736
0.3320959
0.3726424
0.3205175
0.3959985
0.3535852
0.3714512
0.3432343
0.3718553
0.3681808
0.3660574
0.3279385
0.3529366
0.3639677
0.3547907
0.3266973
0.2860343
0.3297243
0.3518411
0.3540129
0.3979553
0.4052639
0.3527471
0.3585623
0.381878
0.3468725
0.3655986
0.3703467
0.3436667
0.3368532
0.3970739
0.3631874
0.3402505
0.3075157
0.351525
0.358603
0.3071606
0.3258966
0.3730216
0.3668723
0.3738296
0.3529254
0.3315789
0.3079256
0.3337717
0.3265064
0.4057193
0.3329308
0.3577623
0.3415605
0.3301576
0.3381616
0.2960433
0.3471984
0.3151783
0.3399896
0.3437998
0.3113016
0.3065322
0.3525134
0.3798598
0.3435685
0.3474503
0.3146314
0.3557485
0.3580822
0.3742405
0.3560232
0.3462359
0.3773217
0.3320685
0.3512874
0.3570883
0.4064337
0.374484
0.3054788
0.399664
0.353988
0.3282351
0.4214696
0.3473207
0.4077624
0.4040405
0.4073324
0.4111494
0.3482721
0.4067932
0.3756569
0.3972166
0.3515401
0.3354461
0.3716485
0.4413386
0.4022921
0.3520656
0.3803256
0.3809854
0.3593932
0.3622071
0.3849542
0.40491
0.3587469
0.4473777
0.3468834
